weather.api.key=451524aa6c33a94c9a225aba22f3e2f9

city1.latitude=-23.561399
city1.longitude=-46.656795
city2.latitude=41.147311
city2.longitude=-8.611321